3,7,2,5,6|12,88,42,63|1|0//so be hon 10
11,12,13,14|16,17,18,19|1|0//so khong lien tiep
44,12,74,97|0,4,2,7|1|0//co 2 chu so
323,651,903,665,873|4,2,1,7,9|1|0//so co ba chu so
33,22,77,99|54,87,36|1|0//so co 2 cap doi giong nhau
——————————————
2,4,6,8,10 | 3,5,7|1,2|1//so chan
52,14,26,38,10 | 35,51,75|1,2|1//so chan
3,5,7,9,11|2,4,6|1|1//so le
3,12,15,27|10,11,22|2,4|1//chia het cho 3
42,48,54,18|52,26,38|1|0//chia het cho 6
5,25,55,85,105|43,57,59,88|1|0//so chia het cho 5
——————————————
1,25,36,64,81,255|68,28,32|1|0//so chinh phuong
2,3,8,15,48,105|77,92,32|1|0// day n giai thua
1,3,6,10,15|8,16,22|1|0//tong 1,2,3,4
84,105,63,147,133,119|120,155,71|1|0//so chia het cho 7
117,171,189|158,133,192|1|0//ko nho la gi
——————————————
6,21,26,101|78,62,33,2|1,2,3|1// chia 5 du 1
8,15,22,50|20,30,45|1,2,3,4|1// chia 7 du 1
9,25,49,73|68,55,22|1,2,3,4|1// chia 8 du 1
118,529,189,981,289|709,719,727,733|1|0//so thua la so khong chia het
——————————————
67,71,73,79,83|55,77,21|1|0//so nguyen to
23,29,31,37,41|25,33,63|1|0//so nguyen to
42,27,33,81,56|23,29,31,37|1|0//so thua la so khong chia het
55,77,21,15|67,71,73|1|0//so thua la so khong chia het
——————————————
1,2,4,8,16,32|6,12,18|1,2,4|0// so  mu
1,3,9,27,81|12,21,18|1,3,9|0// so mu
1,2,6,24,120,720,5040|960,2600,1200,1808|1|0//day so
2,3,5,13,89|27,44,15,22|1|0//Fibonacci
——————————————
144,225,256,324,400|210,360,480|1|0//binh phuong cua 12,15...
289,625,576,841|896,365,672|1|0// binh phuong cua 17,24,25
64,37,28,91|75,34,18|1|0//tong 2 chu so cong lai bang 10
61,72,83,94|24,86,48|1|0//hieu so dau tru di so cuoi bang 5
3,7,11,19, 23,31|8,25,16|1|0//Gauss
——————————————
93,108,78,138,183|190,156,172|1|0//nhung so chia cho 15 du 3
234,226,423,831|49,264,830|1|0// nhung so co tich cac chu so la 24
2265,645,7413,393,8133,582|921,3427,3528|1|0//tong cac chu so la 15
——————————————
1200,1830,2145,1515|1559,1545,1218|1|0//kim phut va kim gio trung nhau
1545,1800,1230,2115|2250,1430,2000|1|0//kim gio va kim phut thang hang
433,829,877,293,991,733|645,901,731,289|1|0//so nguyen to lon hon 100